91 98
24 81
86 87
31 18
43 8
67 52
37 31
35 76
64 88
72 58
74 33
72 24
10 83
5 45
70 46
80 15
42 35
55 36
29 14
21 29
47 30
36 17
16 63
76 88
21 89
5 42
26 84
51 29
41 60
11 66
41 21
14 2
13 48
24 27
46 30
85 88
31 65
24 67
1 20
40 60
48 76
68 54
43 42
65 11
3 21
83 15
24 40
56 60
18 43
30 21
17 34
35 66
21 84
51 69
36 46
65 52
15 39
6 81
1 52
7 47
21 72
64 65
15 63
68 38
26 72
49 61
56 30
25 52
24 42
10 59
0 22
89 73
71 83
61 86
46 1
17 32
72 7
1 39
73 31
54 2
19 33
57 15
69 55
39 90
31 12
76 30
39 32
73 24
66 11
0 10
35 39
56 39
20 69
21 28
44 57
31 76
24 1
7 25
59 30
