(2,435) (5,424) (10,401) (8,397) (5,375) (4,370) (16,368) (1,361) (3,288) (5,251) (16,248) (5,218) (6,184) (3,170) (10,167) (14,156) (11,108) 
i 2:->j 2 0 435
i 5:->j 5 0 424
i 10:->j 10 0 401
i 8:->j 8 0 397
i 5:->j 5 424 375j 4 0 375
i 4:->j 4 375 370j 3 0 370
i 16:->j 16 0 368
i 1:->j 1 0 361
i 3:->j 3 370 288j 2 435 288j 1 361 288
i 5:->j 5 424 251j 4 375 251j 3 370 251j 2 435 251j 1 361 251
i 16:->j 16 368 248j 15 0 248
i 5:->j 5 424 218j 4 375 218j 3 370 218j 2 435 218j 1 361 218
i 6:->j 6 0 184
i 3:->j 3 370 170j 2 435 170j 1 361 170
i 10:->j 10 401 167j 9 0 167
i 14:->j 14 0 156
i 11:->j 11 0 108
435 424 401 397 375 370 368 361 248 184 167 156 108 

13 3994